{
 "cells": [
  {
   "cell_type": "markdown",
   "metadata": {},
   "source": [
    "# Школа машинного обучения\n",
    "\n",
    "<a href=\"https://mipt.ru/science/labs/laboratoriya-neyronnykh-sistem-i-glubokogo-obucheniya/\"><img align=\"right\" src=\"https://avatars1.githubusercontent.com/u/29918795?v=4&s=200\" alt=\"DeepHackLab\" style=\"position:relative;top:-40px;right:10px;height:100px;\" /></a>\n",
    "\n",
    "\n",
    "\n",
    "### Физтех-Школа Прикладной математики и информатики МФТИ \n",
    "### Лаборатория нейронных сетей и глубокого обучения (DeepHackLab)  \n"
   ]
  },
  {
   "cell_type": "markdown",
   "metadata": {},
   "source": [
    "## Домашнее задание 1\n",
    "### Основы Python и пакет NumPy\n",
    "---\n"
   ]
  },
  {
   "cell_type": "code",
   "execution_count": 70,
   "metadata": {
    "collapsed": true
   },
   "outputs": [],
   "source": [
    "import numpy as np\n",
    "import random\n",
    "import scipy.stats as sps"
   ]
  },
  {
   "cell_type": "markdown",
   "metadata": {},
   "source": [
    "### Задача 1\n",
    "В первой задаче вам предлагается перемножить две квадратные матрицы двумя способами -- без использования пакета ***numpy*** и с ним."
   ]
  },
  {
   "cell_type": "code",
   "execution_count": 71,
   "metadata": {
    "collapsed": false
   },
   "outputs": [
    {
     "name": "stdout",
     "output_type": "stream",
     "text": [
      "\t   Matrix a \n",
      "Grade: 2\n",
      "Shape: 10x10\n",
      "[[25  2 35 30  1  2 36  4 21  6]\n",
      " [25  6 18  4 15 23 21 39 16 31]\n",
      " [ 0 37 19  5  0 29  3 19 22 21]\n",
      " [ 2 18  3 34 21 40 37 16  5 23]\n",
      " [14 15  4  9 17 26 10  9 39 40]\n",
      " [22  4 28 37 23  9 22 16 10 30]\n",
      " [36  6 40 10  8 38 29 27 19 33]\n",
      " [ 4 18  8 30 14 27  7 20  0 39]\n",
      " [33 34  5 28 25  9 10 12 15 38]\n",
      " [27 23 26  5 35 38  8  9  2 40]]\n",
      "\t   Matrix b \n",
      "Grade: 2\n",
      "Shape: 10x10\n",
      "[[ 6 33 19 29 18 20 35 15 20  4]\n",
      " [10 36 15 22 29 13 25 23  0  7]\n",
      " [18 29 27  7 35 25 40 26 32  8]\n",
      " [17 13 32 13 29 17 16 37 14 39]\n",
      " [34 18 16 41 25 25  5 28 19 36]\n",
      " [16  4 38 35 35 15 19 13 12 22]\n",
      " [15 24  5 34  4 40 38 28 32 25]\n",
      " [ 5 32  0 13 22 11  8 38 19 27]\n",
      " [13 25 22 14 33 13  5 31  8 26]\n",
      " [36  4 24 32 21 16 34 25 12  5]]\n",
      "\tMatrix c(without numpy) \n",
      "Grade: 2\n",
      "Shape: 10x10\n",
      "[[2425 3869 3288 3277 3749 3819 4557 4456 3551 3228]\n",
      " [3314 4253 3494 4892 4671 3789 4565 5189 3606 3637]\n",
      " [2443 3378 3333 3356 4495 2427 3406 3920 1911 2509]\n",
      " [3706 3398 4180 5450 4722 4141 4390 5262 3295 4722]\n",
      " [3595 3308 4015 4771 4788 3189 3755 4637 2452 3435]\n",
      " [3851 4023 4178 4717 4855 4197 4902 5564 3847 4201]\n",
      " [4051 5157 5101 5903 6072 4970 6467 6058 4737 4133]\n",
      " [3375 2726 3743 4223 4326 2903 3725 4466 2418 3384]\n",
      " [3871 4459 4202 5366 5104 3798 4792 5411 2919 3754]\n",
      " [4374 4010 4768 5998 5549 4104 5283 4897 3486 3463]]\n",
      "\tMatrix c(with numpy) \n",
      "Grade: 2\n",
      "Shape: 10x10\n",
      "[[2425 3869 3288 3277 3749 3819 4557 4456 3551 3228]\n",
      " [3314 4253 3494 4892 4671 3789 4565 5189 3606 3637]\n",
      " [2443 3378 3333 3356 4495 2427 3406 3920 1911 2509]\n",
      " [3706 3398 4180 5450 4722 4141 4390 5262 3295 4722]\n",
      " [3595 3308 4015 4771 4788 3189 3755 4637 2452 3435]\n",
      " [3851 4023 4178 4717 4855 4197 4902 5564 3847 4201]\n",
      " [4051 5157 5101 5903 6072 4970 6467 6058 4737 4133]\n",
      " [3375 2726 3743 4223 4326 2903 3725 4466 2418 3384]\n",
      " [3871 4459 4202 5366 5104 3798 4792 5411 2919 3754]\n",
      " [4374 4010 4768 5998 5549 4104 5283 4897 3486 3463]]\n"
     ]
    }
   ],
   "source": [
    "# Для генерации матриц используем фукнцию random -- она используется для генерации случайных объектов \n",
    "# функция sample создает случайную выборку. В качестве аргумента ей передается кортеж (i,j), здесь i -- число строк,\n",
    "# j -- число столбцов.\n",
    "a = np.random.randint(0,42,(10,10))\n",
    "b = np.random.randint(0,42,(10,10))\n",
    "print('\\t   Matrix a \\nGrade: {0}\\nShape: {1}x{2}'.format(a.ndim,a.shape[0],a.shape[1]))\n",
    "print(a)\n",
    "print('\\t   Matrix b \\nGrade: {0}\\nShape: {1}x{2}'.format(b.ndim,b.shape[0],b.shape[1]))\n",
    "print(b)\n",
    "c = mult(a,b)\n",
    "print('\\tMatrix c(without numpy) \\nGrade: {0}\\nShape: {1}x{2}'.format(c.ndim,c.shape[0],c.shape[1]))\n",
    "print(c)\n",
    "c_np = np_mult(a,b)\n",
    "print('\\tMatrix c(with numpy) \\nGrade: {0}\\nShape: {1}x{2}'.format(c_np.ndim,c_np.shape[0],c_np.shape[1]))\n",
    "print(c_np)"
   ]
  },
  {
   "cell_type": "code",
   "execution_count": 72,
   "metadata": {
    "collapsed": true
   },
   "outputs": [],
   "source": [
    "def mult(a, b):\n",
    "    # здесь напишите перемножение матриц без \n",
    "    # использования NumPy и выведите результат \n",
    "    c = []\n",
    "    d = []\n",
    "    s = 0\n",
    "    for i in range(len(a)):            #Цикл по строкам 1й матрицы\n",
    "        for j in range(len(b[0])):     #по столбцам 2й матрицы\n",
    "            for k in range(len(a[0])): #по столбцам 1й матрицы\n",
    "                s += a[i][k] * b[k][j]\n",
    "            d.append(s)\n",
    "            s = 0\n",
    "        c.append(d)\n",
    "        d = []\n",
    "    return np.array(c)"
   ]
  },
  {
   "cell_type": "code",
   "execution_count": 73,
   "metadata": {
    "collapsed": true
   },
   "outputs": [],
   "source": [
    "def np_mult(a, b):\n",
    "    c = np.dot(a,b)\n",
    "    return c"
   ]
  },
  {
   "cell_type": "code",
   "execution_count": 74,
   "metadata": {
    "collapsed": false
   },
   "outputs": [
    {
     "name": "stdout",
     "output_type": "stream",
     "text": [
      "Wall time: 15.5 ms\n"
     ]
    },
    {
     "data": {
      "text/plain": [
       "array([[2425, 3869, 3288, 3277, 3749, 3819, 4557, 4456, 3551, 3228],\n",
       "       [3314, 4253, 3494, 4892, 4671, 3789, 4565, 5189, 3606, 3637],\n",
       "       [2443, 3378, 3333, 3356, 4495, 2427, 3406, 3920, 1911, 2509],\n",
       "       [3706, 3398, 4180, 5450, 4722, 4141, 4390, 5262, 3295, 4722],\n",
       "       [3595, 3308, 4015, 4771, 4788, 3189, 3755, 4637, 2452, 3435],\n",
       "       [3851, 4023, 4178, 4717, 4855, 4197, 4902, 5564, 3847, 4201],\n",
       "       [4051, 5157, 5101, 5903, 6072, 4970, 6467, 6058, 4737, 4133],\n",
       "       [3375, 2726, 3743, 4223, 4326, 2903, 3725, 4466, 2418, 3384],\n",
       "       [3871, 4459, 4202, 5366, 5104, 3798, 4792, 5411, 2919, 3754],\n",
       "       [4374, 4010, 4768, 5998, 5549, 4104, 5283, 4897, 3486, 3463]])"
      ]
     },
     "execution_count": 74,
     "metadata": {},
     "output_type": "execute_result"
    }
   ],
   "source": [
    "%%time\n",
    "# засечем время работы функции без NumPy\n",
    "mult(a,b)"
   ]
  },
  {
   "cell_type": "code",
   "execution_count": 75,
   "metadata": {
    "collapsed": false
   },
   "outputs": [
    {
     "name": "stdout",
     "output_type": "stream",
     "text": [
      "Wall time: 0 ns\n"
     ]
    },
    {
     "data": {
      "text/plain": [
       "array([[2425, 3869, 3288, 3277, 3749, 3819, 4557, 4456, 3551, 3228],\n",
       "       [3314, 4253, 3494, 4892, 4671, 3789, 4565, 5189, 3606, 3637],\n",
       "       [2443, 3378, 3333, 3356, 4495, 2427, 3406, 3920, 1911, 2509],\n",
       "       [3706, 3398, 4180, 5450, 4722, 4141, 4390, 5262, 3295, 4722],\n",
       "       [3595, 3308, 4015, 4771, 4788, 3189, 3755, 4637, 2452, 3435],\n",
       "       [3851, 4023, 4178, 4717, 4855, 4197, 4902, 5564, 3847, 4201],\n",
       "       [4051, 5157, 5101, 5903, 6072, 4970, 6467, 6058, 4737, 4133],\n",
       "       [3375, 2726, 3743, 4223, 4326, 2903, 3725, 4466, 2418, 3384],\n",
       "       [3871, 4459, 4202, 5366, 5104, 3798, 4792, 5411, 2919, 3754],\n",
       "       [4374, 4010, 4768, 5998, 5549, 4104, 5283, 4897, 3486, 3463]])"
      ]
     },
     "execution_count": 75,
     "metadata": {},
     "output_type": "execute_result"
    }
   ],
   "source": [
    "%%time\n",
    "# засечем время работы функции с NumPy\n",
    "np_mult(a,b)"
   ]
  },
  {
   "cell_type": "markdown",
   "metadata": {},
   "source": [
    "### Задача 2\n",
    "Напишите функцию, которая по данной последовательности $\\{A_i\\}_{i=1}^n$ строит последовательность $S_n$, где $S_k = \\frac{A_1 + ... + A_k}{k}$.  \n",
    "Аналогично -- с помощью библиотеки **NumPy** и без нее. Сравните скорость, объясните результат."
   ]
  },
  {
   "cell_type": "code",
   "execution_count": 76,
   "metadata": {
    "collapsed": true
   },
   "outputs": [],
   "source": [
    "# функция, решающая задачу с помощью NumPy\n",
    "def sec_av(A):\n",
    "    c = np.add.accumulate(A)\n",
    "    return np.array([c[i]/(i+1) for i in range(len(c))])"
   ]
  },
  {
   "cell_type": "code",
   "execution_count": 77,
   "metadata": {
    "collapsed": false
   },
   "outputs": [
    {
     "name": "stdout",
     "output_type": "stream",
     "text": [
      "Wall time: 11 s\n",
      "Wall time: 12.8 s\n",
      "0.0\n"
     ]
    }
   ],
   "source": [
    "# функция без NumPy\n",
    "from itertools import accumulate\n",
    "def stupid_sec_av(A):\n",
    "    c = list(accumulate(A))\n",
    "    s = [c[i]/(i+1) for i in range(len(A))]\n",
    "    return s\n",
    "\n",
    "# зададим некоторую последовательность и проверим ее на ваших функциях. \n",
    "# Первая функция должна работать ~ в 50 раз быстрее\n",
    "A = sps.uniform.rvs(size=10 ** 7) \n",
    "\n",
    "%time S1 = sec_av(A)\n",
    "%time S2 = stupid_sec_av(A)\n",
    "\n",
    "#проверим корректность:\n",
    "print(np.abs(S1 - S2).sum())"
   ]
  },
  {
   "cell_type": "markdown",
   "metadata": {},
   "source": [
    "### Задача 3\n",
    "\n",
    "Пусть задан некоторый массив $X$. Надо построить новый массив, где все элементы с нечетными индексами требуется заменить на число $a$ (если оно не указано, то на 1). Все четные элементы исходного массива нужно возвести в куб и записать в обратном порядке относительно позиций этих элементов. Массив $X$ при этом должен остаться без изменений. В конце требуется слить массив X с преобразованным X и вывести в обратном порядке. "
   ]
  },
  {
   "cell_type": "code",
   "execution_count": 78,
   "metadata": {
    "collapsed": true
   },
   "outputs": [],
   "source": [
    "# функция, решающая задачу с помощью NumPy\n",
    "def foo(x):\n",
    "    if x%2 == 0:\n",
    "        return x**3\n",
    "    else:\n",
    "        return x\n",
    "def transformation(X, a=1):\n",
    "    y = np.array([a if i%2 != 0 else X[i] for i in range(len(X))])\n",
    "    vect = np.vectorize(foo)\n",
    "    y = np.add.reduce(np.array([X,list(reversed(vect(y)))])) #Слияние\n",
    "    return y"
   ]
  },
  {
   "cell_type": "code",
   "execution_count": 79,
   "metadata": {
    "collapsed": false
   },
   "outputs": [],
   "source": [
    "# функция, решающая задачу  без NumPy\n",
    "def stupid_transformation(X,a=1):\n",
    "    l = []\n",
    "    y = list(X)\n",
    "    for i in range(len(y)):\n",
    "        if i%2 != 0:\n",
    "            y[i] = a\n",
    "    for i in range(len(y)):\n",
    "        if y[i]%2 == 0:\n",
    "            y[i] = y[i]**3\n",
    "    y = list(reversed(y))\n",
    "    y = np.array([i+j for i,j in zip(X,y)])    #Слияние\n",
    "    return y"
   ]
  },
  {
   "cell_type": "code",
   "execution_count": 80,
   "metadata": {
    "collapsed": false
   },
   "outputs": [
    {
     "name": "stdout",
     "output_type": "stream",
     "text": [
      "Wall time: 12.6 s\n",
      "Wall time: 17.5 s\n",
      "S2 = [ 1.18247719  1.01467264  0.54789795 ...,  1.20340758  0.68042775\n",
      "  1.37467597]\n",
      "S1 = [ 1.18247719  1.01467264  0.54789795 ...,  1.20340758  0.68042775\n",
      "  1.37467597]\n"
     ]
    },
    {
     "data": {
      "text/plain": [
       "0.0"
      ]
     },
     "execution_count": 80,
     "metadata": {},
     "output_type": "execute_result"
    }
   ],
   "source": [
    "X = sps.uniform.rvs(size=10 ** 7) \n",
    "# здесь код эффективнее примерно в 20 раз. \n",
    "# если Вы вдруг соберетесь печатать массив без np -- лучше сначала посмотрите на его размер\n",
    "%time S1 = transformation(X)\n",
    "%time S2 = stupid_transformation(X)\n",
    "print(\"S2 = {0}\".format(np.array(list(reversed(S2)))))\n",
    "print(\"S1 = {0}\".format(np.array(list(reversed(S1)))))\n",
    "# проверим корректность:\n",
    "np.abs(S1 - S2).sum()"
   ]
  },
  {
   "cell_type": "markdown",
   "metadata": {},
   "source": [
    "Почему методы ***numpy*** оказываются эффективнее?"
   ]
  },
  {
   "cell_type": "code",
   "execution_count": 81,
   "metadata": {
    "collapsed": false,
    "scrolled": true
   },
   "outputs": [
    {
     "data": {
      "text/plain": [
       "'\\nТак как в большинстве случаев библиотека numpy представляет пользователю уже готовые скомпилированные модули\\n(в частности написанные на C), которые работают быстрее чем стандартные методы.\\n'"
      ]
     },
     "execution_count": 81,
     "metadata": {},
     "output_type": "execute_result"
    }
   ],
   "source": [
    "\"\"\"\n",
    "Так как в большинстве случаев библиотека numpy представляет пользователю уже готовые скомпилированные модули\n",
    "(в частности написанные на C), которые работают быстрее чем стандартные методы.\n",
    "\"\"\""
   ]
  },
  {
   "cell_type": "markdown",
   "metadata": {},
   "source": [
    "## Дополнительные задачи"
   ]
  },
  {
   "cell_type": "markdown",
   "metadata": {},
   "source": [
    "Дополнительные задачи подразумевают, что Вы самостоятельно разберётесь в некоторых функциях ***numpy***, чтобы их сделать.  \n",
    "\n",
    "Эти задачи не являются обязательными, но могут повлиять на Ваш рейтинг в лучшую сторону (точные правила учёта доп. задач будут оглашены позже)."
   ]
  },
  {
   "cell_type": "markdown",
   "metadata": {},
   "source": [
    "### Задача 4*"
   ]
  },
  {
   "cell_type": "markdown",
   "metadata": {},
   "source": [
    "Дана функция двух переменных: $f(x, y) = sin(x)cos(y)$ (это просто такой красивый 3D-график), а также дана функция для отрисовки $f(x, y)$ (`draw_f()`), которая принимает на вход двумерную сетку, на которой будет вычисляться функция.  \n",
    "\n",
    "Вам нужно разобраться в том, как строить такие сетки (подсказка - это одна конкретная функция ***numpy***), и подать такую сетку на вход функции отрисовки."
   ]
  },
  {
   "cell_type": "code",
   "execution_count": 82,
   "metadata": {
    "collapsed": true
   },
   "outputs": [],
   "source": [
    "from matplotlib import pyplot as plt\n",
    "from mpl_toolkits.mplot3d import Axes3D\n",
    "%matplotlib inline\n",
    "\n",
    "def f(x, y):\n",
    "    '''Функция двух переменных'''\n",
    "    return np.sin(x) * np.cos(y)\n",
    "\n",
    "def draw_f(grid_x, grid_y):\n",
    "    '''Функция отрисовки функции f(x, y)'''\n",
    "    fig = plt.figure(figsize=(10, 8))\n",
    "    ax = Axes3D(fig)\n",
    "    ax.plot_surface(grid_x, grid_y, f(grid_x, grid_y), cmap='inferno')\n",
    "    plt.show()"
   ]
  },
  {
   "cell_type": "code",
   "execution_count": 83,
   "metadata": {
    "collapsed": false
   },
   "outputs": [
    {
     "data": {
      "image/png": "iVBORw0KGgoAAAANSUhEUgAAAuUAAAJVCAYAAAB58IuLAAAABHNCSVQICAgIfAhkiAAAAAlwSFlz\nAAALEgAACxIB0t1+/AAAADl0RVh0U29mdHdhcmUAbWF0cGxvdGxpYiB2ZXJzaW9uIDIuMS4xLCBo\ndHRwOi8vbWF0cGxvdGxpYi5vcmcvAOZPmwAAIABJREFUeJzsvXmMJGl63vf7IvLOOruruqr6vqa7\nuufYuXq6dy1L1FImxQVMEQZF0IZAawlCh0mDpgzQCwiiRQI2YEOWYEiE4EuwDENaERQsSrZAgLAo\nUqaWM6Pd2Z3Z7qru6rqruu4rj6q8Ij7/kR05mZWRVXlFZmTV+wMa6I7O+vLLqMiIJ954vudVWmsE\nQRAEQRAEQegeRrcnIAiCIAiCIAjnHRHlgiAIgiAIgtBlRJQLgiAIgiAIQpcRUS4IgiAIgiAIXUZE\nuSAIgiAIgiB0GRHlgiAIgiAIgtBlRJQLgiAIgiAIQpcRUS4IgiAIgiAIXUZEuSAIgiAIgiB0mUCD\nr5f2n4IgCIIgCIJQP6qeF0mlXBAEQRAEQRC6jIhyQRAEQRAEQegyIsoFQRAEQRAEocuIKBcEQRAE\nQRCELiOiXBAEQRAEQRC6jIhyQRAEQRAEQegyIsoFQRAEQRAEocuIKBcEQRAEQRCELiOiXBAEQRAE\nQRC6jIhyQRAEQRAEQegyIsoFQRAEQRAEocuIKBcEQRAEQRCELiOiXBAEQRAEQRC6jIhyQRAEQRAE\nQegyIsoFQRAEQRAEocuIKBcEQRAEQRCELiOiXBAEQRAEQRC6jIhyQRAEQRAEQegyIsoFQRAEQRAE\nocuIKBcEQRAEQRCELiOiXBAEQRAEQRC6jIhyQRAEQRAEQegyIsoFQRAEQRAEocuIKBcEQRAEQRCE\nLiOiXBAEQRAEQRC6jIhyQRAEQRAEQegyIsoFQRAEQRAEocuIKBcEQRAEQRCELiOiXBAEQRAEQRC6\njIhyQRAEQRAEQegyIsoFQRAEQRAEocuIKBcEQRAEQRCELiOiXBAEQRAEQRC6jIhyQRAEQRAEQegy\nIsoFQRAEQRAEocuIKBcEQRAEQRCELhPo9gQEQRDagdaaQqGAbdsEAgEMw0Ap1e1pCYIgCEJdiCgX\nBKGn0VqjtSafz5f+OGLcNE1M0yQQCGCapgh1QRAEwbcorXUjr2/oxYIgCF5i2zaFQgHLslBKYVlW\n6e+OWHf+lAt1R6SLUBcEQRA6QF0XGamUC4LQczhWlUKhAIBSqiSsHQFevq3852zbJpvNugp1x/Yi\nQl0QBEHoNFIpFwShZ9BaY1kWhUKhQnw7OELdMOpfw35aRV2EuiAIgtAidV08RJQLgtAT2LZNPp/H\ntm3XKjg0J8rdKBfpR0dHbG9vc+3aNUzTJBgMlmwvItQFQRCEOhD7iiAIvc9JVhWvOP4eh4eHGIaB\nbdtkMpmK14pQFwRBENqBiHJBEHyJY1XJ5/NAZ8S4G86i0ZM86iLUBUEQhFYRUS4Igq9wbCPZbJYf\n/vCHvP32274VtPUKdaVUVepLt24yBEEQBH8iolwQBN9QHnGotSadTjckXL0QuU6lvJHXuwl1Z4Gq\n82/DMESoC4IgCCVElAuC0HVq+cYbXIjuGa3Oox6h7rxOhLogCML5RES5IAhd47SIQz/g1XxEqAuC\nIAjliCgXBKErHI84bDXG0Cs6WbGvV6hrrclkMgwPD4tQFwRBOCOIKBcEoaN0I+Kwl3HbP7lcjhcv\nXvDOO++U/k8pVaqmOw2PZN8KgiD0DiLKBUHoCH6JOGwUP3nbHZz9FggUT+HO/AqFArlc7kSh7tcn\nEoIgCOcdEeWCIHiKE3F4WjdOv+LHuR6fU7kId0S3CHVBEITeQkS5IAieUR5x6Gff+Gn4rVJeD40I\n9ePxjCLUBUEQOo+IckEQ2s5Z8o370b7SLCcJ9Xw+f6JQdxaTCoIgCN4golwQhLbR7YhDEY2N4+wz\n0zRL29yEuta6JM5FqAuCILQfEeWCILSFXok4bJSzVCmvl9OEurNY1xHq5SJdhLogCEJziCgXBKEl\nzpJVRajNSUI9l8sB8OrVK4aGhujr6xOhLgiC0CAiygVBaArHqrK6uopSikuXLp1J4eXXSrkf5nRc\nqKfTaQYGBoAvhbqDYRgEAoFS4osIdUEQhEpElAuC0BDHIw4d8XVWBZYfRbmf97XzpOR4RV1rTS6X\nqxDrItQFQRC+RES5IAh14+YbNwwDy7K6PTXBx7hZmuoR6k48owh1QRDOAyLKBUE4lZN8415Xkp0U\nl27hx0q5X2nkdyVCXRAEoRIR5YIg1KSeiEPDMLBt25P3dwSxCLDzQSNC/Xg8owh1QRB6HRHlgiC4\nUm/EoZeV5GbGbrcwE6HXXWoJddu2sSxLhLogCGcGEeWCIFTQaMSh30T5ecGP+6VTczpNqGez2apk\nmHA4LEJdEARfI6JcEATgS6uK0xim3rxxL+0rhmH4Unx2Gz+Lym7N7SSh/tlnn/HWW28RCBQveU41\n3Ul9EaEuCIIfEFEuCOeccs9uLd/4SUilXPAr5ceyY2lxhHo2myWTyVRU1EWoC4LQTUSUC8I5pl7f\n+EkopTxd6Nno2LIwVDhO+TFxUkU9m82SzWZL203TJBgMlmwvItQFQfASEeWCcA5p1Dd+El5aTBqt\nlLfyOU5CqvX14dcbotN+fycJ9UwmU7FdhLogCF4holwQzhH1RBw2ithXhF6g0eO8WaHudCUVoS4I\nQqOIKBeEc0I7rCpunAdRLgKr92nH77Beoa6UqohmFKEuCEI9iCgXhDOO1pp0Os3u7i6jo6NtFwed\naB4kVOPH/eLHOXlNLaHuPJFy/m0Yhgh1QRBORES5IJxRyiMOj46O2NjYYGxsrO3v47dKuV99ze3E\nz5/Pz3PrFPUIdYBUKkU0GiUej4tQFwRBRLkgnDXcIg5N0/Q0S9xPlXIRNIIfcRPbGxsbjIyMlBoc\nOa+TirognE9ElAvCGaKWb9xPCSl+GVsQ/IAjvB3cKuoi1AXhfCCiXBDOAKdFHHqdJS6iXIDz6Slv\nBefmuZyTrC/5fL4ib90R6U7DIxHqgtDbiCgXhB6m3ohDLy0mfrOvnAdPuZ+RfV8/9R6rzvfaefLl\nfCcKhQK5XO5Eod6ulCVBELxHRLkg9CiNRByeB/tKJpNhenqaRCKBaZr09/fT39/PwMAA8Xj8TIkT\nEb5ng2ZvIMtFuAh1QTg7iCgXhB6jmW6cfqtm10s9NxO2bbO4uMja2hp3797lwYMH2LZNKpUikUiw\nvLxMOp3GMIySSO/v7ycWi4m4FbpKO5/qNCLUj8czilAXBH8golwQeoRyXyk01lLeS0+514L/pLF3\ndnZ4/vw5Y2NjPH78GMMwyOVymKbJ4OAgg4ODpdcWCgWSySSJRILt7W0ODw8JBAIMDAyUhHokEhGh\n3gJiHWoMr/fXSUI9n8+fKNSdxaSCIHQOEeWC4HOcjoH5fP5E3/hJeH3h77R9xbGqaK157733iEaj\nwMkLDQOBAMPDwwwPD5e25XK5klBfW1sjm80SDodLFfWBgQFCoVD7P5gg4L7Q02uc9zue+AJFoe7c\n9C8tLXHz5k0R6oLQQUSUC4KPacQ33i06UelzsG2bhYUF1tfXeeONNxgdHW1p/FAoxMWLF7l48SJQ\nFCfZbJZkMsnBwQHLy8vk83kymQwLCwsloR4IyKlTaB2n02e3cRPqW1tb3Lx5s0KoQ7GiXi7SRagL\nQvuQK4sg+JBmfONnkXL7yvb2Ni9evGBsbIwnT554ImaUUkQiESKRSEnwa6355JNPiEQi7OzsMD8/\nj2VZxOPxkkjv6+urEDTnFbGvNIZf91f5Ezm3inoul6t4vQh1QWgPIsoFwUfUG3F4XlBKkc1m+eyz\nzwAqrCqdnINhGIyPjzM+Pg4UK/aHh4cl20sqlUJrTV9fX0mon7XEF6H9+FWU27bteuyeZH2pJdSd\nxBcR6oJwOiLKBcEn9IJVpZPYts3u7i7pdJo333yTkZGRbk+phGEY9PX10dfXx+XLlwGwLIt0Ou2a\n+OJ41CXxRSjHz6K8kUXkUC3UtdbkcrkKsS5CXRBORkS5IHQZx6qyurrK4eEht2/fPvcXqq2tLWZm\nZgiHw9y+fdsXgvw0AWWaZqlK7uAkviSTSebn5yXxRaigGws966FVr3utrqSnCXUnntGP+0QQOoGI\nckHoEscjDp1M7vN8QTo6OmJ6ehqlFO+//z4bGxu+2R/N/G5OS3xZX18nk8lUJL709/cTDofbPf2O\ncN6P30bxy0LP49Syr7RCI0Ld8aWLUBfOGyLKBaHD1Io49DLv2+9YlsXCwgIbGxvcv3+/lIbSTNyi\nFxfvdo55PPEFIJvNkkgkKhJfotFohVAPBoNtm8N5wqu4zrNMpyr4tYS6bdtYliVCXTh3iCgXhA5y\nkm+8E6Lcj5VMx6oyMTFRlariZQZ6I3g9j3A4zOjoaEXiy9HREYlEwjXxpb+/3xf75Th+nJPf8dv3\nEbpbwT9NqGezWWZnZ7l7964IdeHMIaJcEDpAPRGHXotyR1j65aJ1eHjI9PQ0pmny/vvvE4lEql7j\nZSdSP6OUIhaLEYvFSokvWuvSQtKNjQ0ODw/59NNPS4kv/f399PX1dd0O4Zfjy8FPx3yv4IV9pRXK\nz5eWZZFKpUrnS0eoly84LV9MKkJd6CVElAuChzQScei1KHfG7/bF1rIs5ufn2dzcrLCquGEYRulG\nppv4oWKvlColvgAkEgk++OADUqkUiUSClZUV0uk0SqmKjqTnPfFFRHnj+HmfOeewkyrq2WyWTCYj\nQl3oOUSUC4JHNBpx2ClR7hX1XMg3NzeZmZnh8uXLdTcAalQM+1lQtBvDMBpKfHHEuiS+CCfhh5v3\nWpw0t9OEejabLW0XoS74ERHlgtBmmu3G2QlR7lW19zRrzOHhIVNTUwSDQT744ANXq4obfln86odK\neb24Jb7k83kSiQTJZJKNjQ0ymQyhUKhCqLcj8cWP++g83aS1i14V5W40KtSDwWDJny5CXeg0IsoF\noU0cjzhstBtnJzzlXo1fyxpjWRZzc3Nsb29z//59Lly40NC4frog+lFw1kswGKyZ+JJIJFhdXSWX\nyxGJRCoy1JtJfPHT7wz8Lcr9ekz5eZ+144bhJKGeyWQqtotQFzqJiHJBaJFaEYeNchYq5Q5a61Kq\nypUrV3j8+HFTF9JmbyTaLSrO4kW4VuJLMplkZ2eHhYUFCoUC8Xi8IpqxvHNjL+BX4etnzlKlvF6a\nFepOV9KzeI4QOo+IckFogUZ94yfRy57y8rHT6TTT09MEg0E+/PDDlmwRjdpGnItju4VYL9lXmqU8\n8WVsbAz4MvHFsb28fPkSrTV9fX0loe6HxJfT8Ktg8uu8/NppFIpz69SNYb1CXSlVEc0oQl1oFhHl\ngtAEzfrGT6KX7StKKQqFAktLS2xvbzM5OVnhaW5l3LMuhv1MeeLLxMQEUBRFTuLL6uoqqVSqlPiS\nzWY5PDykv7/fN4LEz1YMv+LXTqNQtMR1c261hLqTsjU3N8eVK1eIRCIi1IWGEVEuCA3QSMRho/Sq\nfcVpk/3ZZ59x7dq1pq0qbvhFlPtlHn7ALfHFsqyS7WVpaamU+FJue4lGo10RJCLKG+c82ldaofw6\ncHh4WBLgzrWi/HUi1IWTEFEuCHVi2zY7Ozv09fW1bFVxw+sTsxeiP51OMzU1RS6X45133mlLdbwc\nv4hhv8zDr5imydDQEOFwmAcPHmCaJvl8nmQyWWp25CS+lGeotyPx5TT8+nvz67zA//YVv4nyck7L\nURehLpyEiHJBOIVyq8oXX3zB1772tZ48YbbTvuI8pt3Z2WFycpKlpaWmkjpOQ8Rwb1H+uwoGg1y4\ncKEiccdJfEkmk1WJL45Y9+o48ht+ruBrrX27oNfvotyyrJr77iShns/nS/+nlKoQ6SLUzw8iygWh\nBrUiDnv1xNiOSrnWmo2NDWZnZ7l27RpPnjxBKcXy8rIn4tkvotwv8+gFTvp+uCW+ZDIZEokEe3t7\nLC4uUigUiMViJaHe399PIND8pcqv4tev8wJ/C18/zw0a/70615Tyz+QUgnK5nKtQdxoe9fL1SHBH\nRLkgHOO0iEM/X0xPolVhmUqlmJ6eJhKJ8OjRI0KhUOn/vPLDixg+2yiliEajRKPRisSXw8NDEokE\nm5ubzM7OorUmHo+XbC+NJL749fvq13mB2FdapdV9d1yoO+fAeoS63/eNcDIiygWhjNMiDk/rXOln\nmhXOhUKB2dlZ9vb2mJycZGhoqOo1Xolnv4hyv8zjPKCUIh6PE4/HqxJfHNtLeeKLY3uJx+Ou30u/\n/t78LHz9nL5i23ZLT056kXIRXq9Qd8S6CPXe4nwd2YJQg3ojDk3T7IlKjRuNpq8ct6rcu3evpojw\nKtlFxHBv4dXvqjzx5cqVK8CXiS/JZJLFxUXS6TSmaVb406PRKOBfT7lfzyN+Psf5eW6dpBGhbhhG\nxWJSEer+RUS5cK5pNOLQMAwsy+rJSk0jCz1TqRRTU1NEo9Eqq0qrYzeCX0S5X+bRC3RKADuJL+VP\nbsoTX7a2tjg6Oip9Z7e2tjqW+FIPfn7i5ue5dbJ5UK9xklDP5/PkcjmeP3/O5ORklVB3FpMK3aX3\nlIUgtIlmunF2qsGPF1WMeuZeblV58OABg4ODdY3tlWhtpgIvHT3PL26JL052ejKZ5NWrV2SzWSKR\nSEU0oxeJL6fhd+Hr10qq3+fmN5xjzLmRSafTpf2Xz+dLQQZO4o5b6ovQOUSUC+eOVrpxdqLBTzdE\nudaa9fV15ubmuH79+olWlUbHbgURw72H3y7iwWCQaDTK7du3gS8TX5LJpGeJL/Ugorw5/D43P1fx\nyzPUgYq5OufZXC5X8TOGYYhQ7yAiyoVzQ62Iw0ZwPOVe4aXoNwyjommFQzKZZHp6mlgsVpdVxQ0v\nF3r6ofokNwe9y3HxW574cunSpdJrnMSXra0t5ubmsG27IvElHo+3VXD5faGnX+dmWZaI8iY5LUMd\nGhPqTuKLCPX2IaJcOPOcFnHYCI4/1Su8FOXHBW6hUODly5ccHBwwOTlZt1Wl1tiy0FPwI/UIzFqJ\nL+l0mkQiUZH40tfXVxLqsVisaYEoCz2bw89z8/MNA5wsyt04TaiXi/U//MM/JB6P86M/+qNtmu35\nRES5cKZpxjd+Ep2yr3g1ttYarTVra2vMz89z48YN7t+/33KV46zbV/wyD6Fxmq36GoZRsrKUJ76k\nUikSicSJiS/1vJ+fq9F+ruL7XZT3aqW8XmoJ9c8//5xr1661NLYgolw4o7TiGz+JTi309Grso6Mj\nPv30U/r6+pq2qtQa2w+V8kwmw8zMDEopBgcHGRgYIBKJtKWZhyCYpsng4GDFUyUn8SWZTDI7O8vR\n0RHBYLBCqIfDYdf26n49rqSK3xx+nht4d9OglCKVStHX19f2sc8bIsqFM0WjEYeNYpqm5/YVL8Rt\nPp9nZWWFg4MDPvjgAwYGBto6frdFuW3bLC0tsbq6yq1bt1BKkUwm2djYIJPJEA6HK9I2mrkZkUp5\nb+K1+HVLfMnlciQSCRKJBGtra2SzWcLhcOn46+/v97Uo97O49PPczkOlvBapVKrt15XziIhy4cxg\n23Ypi7gdVhU3es2+Um5VGRkZIRKJeHLi7KZ9ZX9/n6mpKUZGRnjy5Am2bWPbNhcvXgSK+yCbzZJI\nJNjf32dpaakibcMRSSddrMS+0rt0Q/yGQiFGRkYYGRkpzeF44ksmk0EpxeLiYukY9Ev/A7GvNIef\n5wbei/L+/n5Pxj5P+OMMIAgtUG5Vefr0KV/72tc8u6D0kihPJpNMTU3R19fHRx99RCqVYm1trS1j\nH6cbzYNyuRwvXrwgk8nwzjvvEI/HgeqsYKUUkUiESCTimraxsbHBy5cv0VpXVNNbWcQn+Ac/3Ey5\nJb5sb2+zvb1NOByuSnxxjsO+vr6uVF7FvtIc571SLqK8dUSUCz1LOyIOG6UX0lfy+TwvX74kkUjw\n4MGDUmXc60Wkzu+hnbiJcq01q6urLC4ucvv2bcbHx6si7+oZ93jahtsivkAgQH9/P4eHh2QyGV9b\nDoTa+PV3FgqFGB8fZ3x8HKhMfFlbWyOVSgGUEl/6+/uJx+Oei1I/V8rBv7/P8y7Kxb7SOiLKhZ7j\npIhDx/Pt1WNg0zQ9EZ8OrQhnrTWvXr1iYWGBmzdvMjk5WXHx8sqvDt56ystJJpM8e/aMgYEBHj9+\n7Pp7bvaCXWsRn+MNXl1dZWlpqWQB6mY3SKF+/Hoj5Tav8sQXh/KbxaWlJQ4PD0uvc4R6LBZr+2f0\n4z7zO36u4gOeXhtFlLcHEeVCT3FaxKHXotyv9pVEIsHU1BQDAwN89NFHrkLR62QXL20C5Znq5dV/\nN9o5j2AwyMWLF9nf32doaIgLFy6U/Onl3SDLm8x0y3IguNNLotwNt5vFQqFAMpksNTtyEl/K7Vdu\niS/14sf91QtYltW2RCsvsCyLcDjsydjpdLpkIRSaR0S50BPUG3HotWj2W0fPfD7PzMwMqVSKhw8f\nnujp89q+4sXYWmvy+Twff/wx169fb0umejM4Nx21/OlulgOn4ul0gxShI5TTikUkEAgwPDzM8PBw\naZuT+JJMJqsSX5zjsF7B6Acffi/SC5VyrwoGWmspRrQBEeWCr2k04rATkYV+8JSX+6pv3brFgwcP\nTr3A95p9JZ1OMzU1RaFQ4Ktf/WpDFahOVkedLo99fX1cvnwZqO1PL7e9tFLJFOrHz5Xydgo4t8QX\n56nOwcEBy8vL5PN5otFohVD3S+LLWeC8esrlJq59yLdR8C3NdOP0q72kneMfHBwwPT19oq+62bGb\npZ2i3LIs5ufn2draYnJykqmpqa4/Em7087lZDnK5XMly4FQyy/3p/f394k/3AD+Lci/nVeupztHR\nEYlEgu3tbebn57Esq8p+5cf9Bf4Xf+e5Ug5ie2oHIsoF39FKN85OVMq9FuW15p/L5ZiZmSGdTp9q\nVXHDS095u/bL9vY2L1684PLlyzx+/NjXF7hGCYVCXLx4sSI/PZPJkEgk2NnZqSmQ/Fx56wXOqyh3\nQylFLBYjFotVJb44tpdUKkU6nWZ6errCfuWH76Jff5cO57VS7vebkV5CRLngG9oRcei1KO+Ep/x4\nuovWmpWVFZaWlrh16xYPHz5s6sLkZ/tKJpNhenoagPfff59IJNKuqbUFL+w55dnVY2NjQGUk3qtX\nr0ilUiilqvLT/SxM/IZfq6t+yQIvT3xx7FeffPIJExMTJJNJlpeXSafTFa/r1nHod/F3XkW5LPJs\nHyLKha5zUsRho3Szkt2u8cvnf3BwwNTUFENDQw1ZVdzwY6Xctm2WlpZ49eoVb7zxBqOjox7Mrj10\nQtyVC58rV64AxQupY3uZn5/n8PCQYDBINpstdbD1KlHhrODHmxi/Vn2deZ2U+OIch+XrJPr7+4lE\nIp5+Jr+Lcr/Pr1AoeCLKk8kkfX19bR/3PCKiXOgqzfjGT+Is2Fds2y5ZVQ4PD3nrrbfacsLzMraw\nmbH39vaYnp5mdHSUx48f+7rC1E3xZJomQ0NDDA0Nlbblcjm++93vkkwmWV1dJZvNlhbwOX9kAV8R\nv4tfv1ErFaZW4osj1NfX18lkMoTD4YonO+1cD2Lbtq/PE36vlHu1/1KplIjyNiFnbaErtOIbPwk/\nLMRsBaUU+/v7bG5ucvv27aatKrXG9opGRHkul+PFixdkMhneeeedtj/29OJzep3D3iihUIhAIMDt\n27eBygV85f50pxOk40/3cxXPK/wsfv34+2jEVuO2TiKbzZJMJqsSX8qFerM3jH7dZw5+nx94c34U\nUd4+RJQLHaXRiMNG6YSn3Kvx9/f3ef78OYZhtGxV6TT1WGPKYxzv3LnD2NiYL8VSLfwkyo9z0gI+\npxup408vr6ZHo9Ge+h00ix8/41m8WShPfHGsaLVuGJtZ0Ox30WtZlq/n5xXJZLLh4AHBnd656gs9\nj2VZZLPZkhD34uRlmibZbLbt4zp4USl3KsdHR0fcuXOH3d3dnhLkcPoiUqfj6ODgYM/dcIA/Rd1p\nuPnTy33Bs7OzpU6Qx/PTzxJ+Fb/nZV61bhgPDw9LtpdkMonWuuLJjlvii99Fr18W79bCq8JCKpUS\nUd4meuvKKPQkjlVlZ2eH1dVV3nzzTc8uRp2wl7TrxKa1Znl5meXl5VLlOJlMsr293ZbxO0mt/VIo\nFJiZmSGRSDQV4+gX/GZfaRY3X7BjN3Aq6rlcrsKf3t/f33M3UeWcF/HbLjpRjTYMo9Rwy8GyrNKT\nnVqJL34X5X7Gy/OXiPL20btnWsH3HI84DAQCLbWWrgev7Svtmvv+/j7T09MMDw9XVI69vqnwiuPz\n1lqzvr7O3NwcN27cYHJysqV951cBcxYIh8OEw+GKTpCO3WBra4vZ2dm6qph+xa83U349prtlETFN\ns3R8OThPdpLJJPPz8yQSidJ+61Tiy1nBy0WyIsrbh4hyoe3Uijj0WjCD/0VtLpfj+fPnZLNZ11QV\nv8+/FuWV5HQ6zdTUFJFIhEePHrWcvuCM3c0L71mplNdDLbtBKpVyrWKW+9P9ih9Fm9cFimbp9net\nnONPdra2tjg4OGB4eLgi8SUUClU82TlrFqx24GUyTCqV4ubNm56Mfd4QUS60lZMiDjshyjvxHs2g\ntWZpaYmVlZUTFzn2qih35j0zM8P29jaTk5MVFolWxz4vgtivGIbhWsVMJBKlivrR0RFHR0fMzc15\nEofXLH4SmeX41X/s58WUtm0TDAYrEl+gaMFKJBI1E1/6+/sJBoOezs3v5yivRbk0D2oPIsqFtlBP\nxOF5FeVOHvfFixd58uTJiSfGTohyL0TKzs4OiUSCsbExHj9+3PaLercveF42XupVAoEAFy5c4MKF\nC6VtH3/8Mf39/RXiKBaLlYTRwMBAx3Oc/SzK/Tgvv4tyt7mFw2FGR0drJr4sLCxQKBRKiS+OT72d\nx6Jfb7IcvBbl5TfsQvOIKBdaopGIw/NmX8lmszx//px8Pl93HnenFqq2SwxkMhmmpqZKlgcvHmH6\npVLuhzn4HcMwqsSRk7KxubnZFX+6X39vfhXlfp0X1H/D4GbB0lqXFpJubGzw8uXLimOxv7+/pSx/\nvzcO8lqUi6e8PYgoF5qm0W6Ju06vAAAgAElEQVScnTjRd6pSftKFy2kdv7q6yt27d7l06VLdn70T\nzY/aIVJs22ZxcZG1tTXu3bvHxYsX+c53vtOGGVbTqJ/bq+ZBQuMopYjH48TjcSYmJoBqf3oqlapY\n5DcwMND2xXt+/P35Vfz6vVLebBKQUqoq8aX8WFxZWSGdTqOUqlgrEYvF6vo9+Xm/gbeiXHLK24eI\ncqFhvOrG2Q46USl33sPtBLe7u8vz588ZGRk51arihtcLCh0bRisnZ8eOMzo6yuPHjz2vDvnBOnKe\nFnp6jZs/PZ/Pl2IZNzY2Su3ayxfvNetP97P4lXk1hmVZbV3EWWutRHniy+HhIYFAoEKou900nudK\neTqdFvtKmxBRLtTN8YhDP4lxh05aZMpPcOVWla985SvEYrGmxvZ6f7ZSKS9PjmnlMzaKCOKzTzAY\nrPCnO+3aE4kEe3t7LC4uUigUSv50R6jXIzL8Ksr96kH267ygM9Votyz/fD5PIpEgmUyWbhqdxJde\nyVAXT3lvIKJcOJVaEYd+pBOVctM0S+9RblV54403uHTpkqfv3SrN7B+tNSsrKywtLZ2YHOMVfhDl\nfpjDeaK8XbvznSr3p5d7gssrmPF43LfnpuP49WbBzzaMbs3tpMQXp+nW0dERWmsWFhY6lvjSCF6K\n8sPDw44Vac46IsqFE2nUN14PXl6MOnGRMwwDy7JKVpXR0dGmrCrdoFErSCKRYGpqisHBwYomR53E\nL4LYD3M4z7j50y3LKnmCFxcXSafTBAKBimq6X+0YfhblfpwX+OuG4Xjiy87ODltbW0Sj0YrEl2ae\n7niBZVmeRZRqrXvi+tcLiCgXXPHKN+5UmXv5C6y1LiWOdNLG0Q7qrZQXCgVmZmZIJpM8fPiwq4t4\n/CDK/SpSzjumaTI4OMjg4GBpm2M1SCQSrK2tlf5+8eLFkjjyQwXTr6L8vNtXmkVrTSgUYmxsjLGx\nsdK2dDpdsr2UJ744T3haSXxpBK8q5d0+N581RJQLFTQScdgMTpW5F0W5kziyt7fHnTt3erKD2Wme\ncq016+vrzM3NcePGDSYnJ7suHLwW5Tp3BJkU5A7R+QyqkIVCHrQFWoMyCCZTBHN5dLQA4RiE+yDc\nh/KpQDjPHLcaTE9Pl7zq5f50J7PaEUadPif5tSLdSsKJ1/hZlLtd18oTX46nDyWTSVZXV0mlUqXE\nF0eoe2HD8vq668djuRfx5zdP6ApeWFWO48fmPvWws7PD8+fPuXTpEuPj4xWVuV7iJPtKOp3m2bNn\nRKNRHj165ItujOCNKLf/n7+F/uL34HAfCrniRsOASBSdSVa+eOASg8kNBoGKWYzchMwexC9A3yj0\nj8LgBIzcgIFxuHgDBjrrvxeqUUoRDocZHBws+dNt2y7509fW1kgmk01H4TWLXyvSfq3gg79Feb1z\nK098uXLlClAUzE76ULkNq7wjaTQaben34pUo9/sC115DRLmA1pp8Ps/s7Cw3b970dCFnr4nyTCbD\n9PQ0WmveffddYrEY09PTPdl1E9ztK5ZlMTc3x/b2Ng8ePGBoaKjt79sK7Rbl2sqjv/s7xep4OZfu\nwObz6ve/cBWSG9UD9V+E3fmisN+a+3L7jQ9g8bvFv4ei6JHbMPYGXHsXRm7BxCQq1DuWp17H7btk\nGEapgnn58mWgUhiVR+GV56eHw+G2fS/9Kn7PgvDtBq2IXtM0GRoaqjj3usWEhkKhihvHRuIhvRLl\n6XS6IvtdaA0R5eeY8ohDrTVra2vcvn3b0/fshCh3qsGtnLzLm+O88cYbpcU80HtdN93Gdtja2uLF\nixdcuXKFx48f+/KC14woP3HfzX+3WpADxGr45gsZ9/fIJNxfnz/68u+5I3j1tPhnd7ko1g0Tfeku\nXP0K3Hgfbn6IGhirPV+hJer9LrkJo1wuVxJGa2trZLNZIpFIxcK9Zv3pIsobx8/rkdpt+zkeEwrF\nxBfneFxdXSWXyxGJRCqEeq3j0StRnkwmRZS3ERHl5xC3iEPDMM5Mx01HNDd7YXGsKmNjYzx58qRq\nnPJIRC9odf71jH10dMT09DRKKT744AMikUjb36tdNCLKbdtmYWGB3d1d+vv7GRwcZGBgoOJiqZ/9\na/cfPlir3maGYONl9fZwH2zOVm8PhN23Axysv56kBevPi3/+3W/B9Q/Q6W24/QTufBVuP0GF4yd/\nUKFuWnnKEgqFKvzpWmsymQyJRIKdnR3m5+exLKvUqr3RhXt+FOV+vVkAf98wdGKtVDgcJhwOMzIy\nAlQej255/o5PPRAIUCgUPJlfKpWSbp5tRET5OaMTvvGT6IQod96j0apFuVXlvffeIxqNur7OWazq\nFV5W4pVSJQ/tvXv3Sif3do3txQW9XlG+v7/P1NQUIyMj3L17l1QqVRJOtm0Tj8eLvuKpP6DqqB8c\nh73V6kHH7xar3Me5dBtWf+Cy/Q68ela9fWAM9l3GB9hfgcQG7CzCp/8EzCD6xgfwzjfg9ldRg+On\nfXThFNp1TCqliEajRKPRUsKGbduk0+lS9bJ84V6n/OntxM/C16+LY6E7HT3djsfyPP/NzU1mZ2dL\n4n19fZ2hoaG2Jr6kUinicSkitAsR5ecEryIOG6WTorxenOrq+vp6XULVa/uKV+Pv7u6yurrKhQsX\nXJ8AtIpjG2r3hem0xJh8Ps/MzAzpdJp33nmHaDRKPp8nFotVLOxLp9OkZ7+P4VSsy7CHxjGSr6q2\nq6D7E4SaqStB9xs5hq8Uhfdxhq5Ui3UrD3N/DMlN+Ge/hr7yNrz5Y/DWnxWB3gReV34NwyhVJJ2F\ne26t2oPBYIU/3a/4WZT7dXEs+Ge/ueX527bNxx9/jGEYbU98SSaTUilvIyLKzziNRhx6fQHrpH2l\nHra3t3nx4gXj4+N1C9VeE+W5XI7p6Wny+TwTExMMDg56cvHwKrqwVmKM1pqNjQ1mZ2e5desWDx48\nqPlaRzjFd6dxm2E2uYurnHarnitgd9F9si6CH/gy4eU4g+PuFfTYEGwvFP+++kXxz+/9bfT199Af\n/Azq/p9yH0+ooht2DLdW7blcrqIDZDqd5osvvqioqPshitDP9hU/4+eoX8MwCAQCXL16tbTNWdic\nTCZLiS+maZZsLwMDA3Ulvoh9pb10/wwgeEajVpVmbR+N4JdKebmn+iSrSq3xc7kaIqsNtEuUa61Z\nXl5meXmZu3fvcunSJRYXFz3L/PbqZsVN7B8eHjI1NUU4HK6KbzzxpnP6D6s3BqNEk9XCOBsbIZJw\nEdkXbxZTV44zUENgG4HKdJZyyheFHn+P5e9XbtMaFr8H26vo3/l1bo69hx5VqJsfuo8h+IpQKMTI\nyEjpSdwnn3zCnTt3SCQSbG9vV9ismvGntwu/VHx7jV7bb6clvmxtbXF0dFTxhKe/v78qgUgq5e1F\nRPkZpFmrSqdEeTab9Wx8OFkc2rbN/Pw8GxsbTXuqe8FTfnBwwPT0NENDQzx+/Lj0O/Xar+5VpdwZ\nt9xqNDk5WZFMcBo6uQ2rLv7w8Tuw+nnV5sil67C4VbU9SRhX88HwZXAT8Zfuwvp09faTFoW61vNB\nD1+HnWUALq58B/2/fQc9ehv16M+j3/9zGGFJQTiOXyu/SilisRixWIzx8aItyc2f7jzlcYRRq3nV\np+Fn37af8XOlHOpb8Hxa4surV6/IZrPMzs7ygx/8gI8++ojt7e2KJ0K1+N3f/V1++Zd/Gcuy+IVf\n+AW+9a1vVfz/r/zKr/D7v//7QLHosrm5yf7+PlDUDW+//TYA169f55//839e9+fuNUSUnyHKIw6h\ncd94p6rYXmd81/ocW1tbzMzMNGRVccPP9hXHX51KpXj48GFVBeOk5kGt4rUo39vbY3p6mkuXLjX1\n+9MvvgP9l8AMgmGCKv68jg6iRm4VU1FsC6wc5LPF7p4u4/QH3L8j2XQS19TgWkK51qJQ1JfWleMM\njJVEeYmtOfS//O/QH/8W9t0nqCf/CWrkhvvPn0P8Ksrdvisn+dMTiQSzs7McHR0RCoUq/OntbPTl\nZ9+2n/GzKG/lO+CW+DIxMUEmk+Ff/at/xaeffko6neYP/uAP+PDDD3n06BEffPBBxbXHsix+8Rd/\nkd/7vd/j6tWrPHr0iJ/8yZ/k4cOHpdf8nb/zd0p//7t/9+/y2Weflf4djUb5/vePPTk8o4goPwO4\nRRw28wXslN+7057ycqvK+++/33L8nx9FuZMzPz8/z82bN0v+arexnZu2duPVfrFtm6WlJQzD4Ctf\n+QqxWHONd3L/7o+wVqrzydVODpJ7lRuDEdTuKhhDEI2jQxEKpklk+CKGaaOuDqPsHOSSkNqC3CHB\ng+WqsQHsxEZ12gvUXhQ6ege2XGIYAY6Srpv18DXYXkBvL6A//i2Y/FMY//5fRF1/132cc4RfRXm9\nuPnTs9ksiUSCg4MDlpeXyefzRKPRCptBs088e82G4Rf8vN/aecOglOLatWt885vf5Jvf/Ca/8Ru/\nwde+9jUmJyf59NNP+af/9J/y1//6X+fo6Ijf/u3f5vbt23zyySfcvXu31AflZ3/2Z/md3/mdClFe\nzj/+x/+YX//1X2/LfHsNEeU9TjsjDp0sUy/ppKfcsiwWFhbY2Njg/v37pazhdo3vFY2K21QqxdTU\nFLFYrMpffRyvqtlejO3caKysrDA2NlbzRqOusfJZrOf/rmq7GrsOW9WLNo3LN9FLz8AC8vsoIAjY\nkSHs5R9Wj3P9fZSVQl+MowIKCmlIvELbYO65i/Wai0Jj7h1Vda1sdIDBMdhdef1CG6Z+H3vq9+HG\n+6g//Vcw7j52/zmha7RyoxAOhxkdHS01NdNac3R0VPICz83NYdt2RX56PB6v6/rgV/uKV+etdnFe\nRPlx0uk0AwMDPHjwgAcPHvBzP/dzQHFhs/Oeq6urXLt2rfQzV69e5eOPP3Ydb3Fxkfn5eb7+9a+X\ntmUyGT788EMCgQDf+ta3+Kmf+ilPPosfEFHeo3gRceiXRZjteI/9/X3m5+eZmJhoe/yfXyrllmUx\nOzvLzs4ODx48qFiw0+rYzdBOUX54eMizZ8+IRqNcv36dSCTS0vFtPf8u5Ko7cxqDF7BdRDkB9xsb\nFTDd3d7BEPbSIsf3rHrjfXQ8iYqGUfkk7C1i5NJkIxcI18otP9pz3z5yG5a/qPEzNSro6y/Q/+CX\nsC9PYnz9FzAeepfa4lfR1OuV8nqo5U9PpVIkEgmWl5dJp9MYhnFquoZf7St+Fr0Ofj3OvBTltdJX\nyotDbueGWvvq29/+Nj/90z9dMd+lpSUuX77M3NwcX//613n77be5c+dOG2bvP0SU9xiNRhw2wlkQ\n5YeHh6ysrLTNquKGH0T55uYmMzMzXL16lSdPntR9DHg593aM7SzE3dzcZHJykuHh4bYkxlhf/JHr\ndp3ad9++W51ZDqB3agjpxLb79nwOa2Hmy38rMC7dw5y4jp3ZQu0toI4OSv9dCMQxt+ZcvewY7qfr\nkyroavQueuELWHmK/X/8CvbVNzF+7K9i3Pua+3zPIOdBlLvhCPDyTPRCoVCKZXTSNY770/0qfv06\nr16gG6K8nKtXr7K8/OUTw5WVFS5fvuz62m9/+9v85m/+ZsU257W3b9/mR37kR/jss89ElAvdx+tu\nnL0syi3LKom50dFRgsGgZ63jvV6sepK4PTo6YmpqCtM0+eCDDxr+jH62r+zu7jI9Pc34+DiPHz8u\nHd/tmLP19DvVG2P96I3qKrm6OAG71eI7PzBKKLFZPU7fBfSWm0VFVY+vwd5YRYWHsJZeFkX62H2M\n4SGMwgFGKII6HoX4Gntrwd2bPnoHlqvTYwC0PiZGV55i/4Nfwr71PsZP/DLG9bddf+4s4UdR3q2n\nCoFAwDVdo9yfnkqlePbsWYU/3Q8LGL1oTHZe8FKUJ5PJU5thPXr0iJmZGebn57ly5Qrf/va3+Uf/\n6B9Vve758+fs7e3x1a9+tbRtb2+PWCxGOBxme3ubP/qjP+JXf/VX2/45/IKI8h6gU904TdPsSU+5\nUzW+cuUKT548YXNzk3Q63db3KKcbkYjlUYCt+OP9WCnP5XK8ePGCbDbLu+++W7WQs1VRbq3MoPer\nxbQxfqNYRT6GGr6EdhHlVt8wpKrHUaNX0and6jceuwkbLnnmhol2tmuw11ew14t+cOPu+9hjH2IG\nLNT2DGSLC1MLg9cw91bcP2CNc4FWJmy456PrnRWs3/yL2G/+COZP/Oeo0ZvuYzeAX+0rfsRPNwrH\n/emffPIJt27dIpFIsLGxwcuXL9FaV8QyxmKxjletLcuSSnmTdMJTfhKBQIC/9/f+Hj/+4z+OZVn8\n/M//PG+++Sa/9mu/xocffshP/uRPAsUFnj/7sz9b8d2YmpriL//lv1y6vnzrW9+quUD0LCCi3Mc4\nVpWtrS12d3e5c+eOpyfyQCDgeYZ4O0W500AmGAxWVI39thCz1fGdCvLY2FjL/vjTWta3QqPiWWvN\nq1evWFhY4M6dO4yNjbke363GOFo/dLeuKLS7Pzx76P76fLUnHSg29XF7fd/wl+K7nPHb8Gqmejtg\nr89Dag8LwAxgXn8XI2piBoLgIso1isL6rPuJ/NJdWHVPcVEXrqIPttBP/zWFqX+D8eSnMf7MX0LF\nT1+XcBJ+EZrl+EkAO/h1MSW4t2m3LKvkT3e6PwYCgQqh3uq6j9Pws33F7zekXoryo6OjuhKxvvGN\nb/CNb3yjYttv/MZvVPz7b/7Nv1n1c1/72tf44osaa2nOICLKfYhbxGE2m/X8JN6pSMRWBa1lWczN\nzbG9vc39+/erGsicBVGez+fJZrM8f/6cfD7vWkFudmw/LPRMp9M8e/aMeDzORx99RDAYrPlawzBa\neoJj/fDfVm9UCntzqXp7IIRerxbSOhAitO/mM1dot3EADg9cN6ton/vNwOh12Cobyypgzc8UBfrl\n+xij72OGLNT6VDFLHWD0NoFN92p4Om8Qd58ZOlP2JMm2sP/tP8H+7F9i/OhfQn31ZzB80O69XfhR\nlPt1MWUtTNNkcHCQwcHB0rby7o8bGxtkMhnC4XCFP/2k73Wj+FmU+3lu4K0o77Vj2e+cnTPvGcHN\nNx4MBj23lUBnRHkrF0etNZubm7x8+ZIrV65U+I7L8cNCzFZQSrG7u8vq6ip3797l0qVLbRMVXjYP\nqme/2LbN3NwcW1tbdSfGtGJf0ck97MXqbppq4iasV4tZdfkWLE9VDzR2A2PtRfX2Szdgc6F6eziO\n3nDZDpByT1dRAxfRW9UCX4fj8GoWy7aKAj06RODGTXKJFSKxC4C7KI/l3BNZ7FAfrL+sXkx6lMT6\n1/87fPwvCPy5v4bxxiP3+fcYfqxi+vFGoVGOd3/UWpf86Xt7eywuLlIoFIjH4yWR3tfX17Q49LPw\n9XPjIPBufn78bvU6Isp9wkm+8U6I5U6+TzOk02mmp6cJBoN8+OGHhMOuvROBzlTKvToZHRwcMDs7\nSzAY5PHjx003AKlFN+0rOzs7PH/+nImJiZo3VLXGbfZGovD0j4u53cfHjA+6VqtVKOy+Pey+oFb1\nD6NdRLkau4leelr9A/FB9KZLBCNAprqxEYAxdhN7oazz51GawvRTDCAfu0ng2iPU5lTJfw6ghy6j\nttdcx8tfuEZorfpGBYCLN9BzPyD/P/0ixrv/AYH/8L9ADY66v/YYfhaafpuXn/dVsyiliEQiRCIR\nLl26BBQ/ZzqdJpFIsL6+TjJZvFE8np9ez77wsyj389ygKMrb+dTiOGftWO4mIsq7TD0Rh51o6tPJ\n92mEcquKE5F3Gl5Xsr0gn88zMzNDKpXixo0bZDKZtgty6I59JZfLMT09TaFQ4L333iMardHJssFx\n68F66u4nx21hJsDehvv2gy337UfuQpqA+wVQjV53XVxKKOpqmwHQpvtY+XAfgZc/JKc1hMIEbj/E\nzG7CzgJq4DJ62/2zhE64OB/u7uD8duzv/x65qT/C/LN/FfPf+/MoH4uO0/CbaDiLotwNpRR9fX30\n9fWVttXyp5fbXsLhcNX+8bPwPa+V8kKh4OvP3YuIKO8i9UYcnsdKeblV5erVqw1VVv30OU7D6Vo5\nPz/PzZs3efDgAbu7uxweui82bJVO2le01qyurrK4uNiSDadZUa4LBbJre6hLb4JpFkWloVChELYu\noG6NgLbALqAKWbRS6L3q1BU1OAp7LlXnUNR9ISegd92r1LWSUtT4rWIHUbexttxTV3L9lwhkFl7/\nI0th+hkFwLz2NoYRQymj6imBNoOw7r74U0cHiCaOzTt7iPU7/wPpf/vPOPqxXyJ+9526O0MKtfHz\nQk+vLQm1/OlOfvra2hqZTIZoNFqxkNTPotzPcwPvRHkqlSIer7VyRWgGEeVdoNGIQy8tB+V0Usye\nVClKp9NMTU0RDodPtaq40SuiPJVKMTU1VbXY0evYwk7YV5ys4/7+/pZtOM2K8vyLL8i/rE45Cbzx\nEOtltQAO3HsLa2sZAoMYA4OY/X0Y0QiqfwCOJsgld4lYR5DcAa2LFhU3//nwOOytu86plsCu1UGU\ni1dhq0bDIvflohS2NmF5GTV0jeDEKOrVD+F1cowafwO94jJnKOadz7vnnQcDAUL/56+y//aPM33/\nRzHD0ZJYGhwcJBwOi7+0Afy6OK5bFfxgMMjFixdLUa9aazKZDIlEgt3dXRYXF8lkMgSDQUzTbNmf\n3m7Oa6U8mUye2jhIaAwR5R3Esark83nAu7zxZgkEAh2tyB8XaoVCgbm5OXZ2duq2qrjhd/uKZVnM\nzs6yu7vLgwcPKipG4L3FxMuxC4UCMzMz7OzsuH62ZsdtRvDlfvCJ+3guHnMArOL3kkIBe3cHe3cH\nAPP2A6y5YsfMQ4DQBQIjFzEjExg346jCESS34KCYYa6Gx9BuonzkKmy7i3LX11Os0msXUa6VQXjf\n3Z5ijN3Cnn+K3t0it7sFfYOEbryN2nwOgROaTRXyNf/LDEbQtsXwD/4lF9aeon76vyI5PFyqbGaz\nWSKRCNlslr29PQYGBnwtUrqNX+0rfpmXUopoNEo0GmVsbAyA1dVVMpkMpmmytrZGMplEKVWVn96N\n+Z9XUZ5Op0WUtxkR5R1Ca00ulys9tvTDie84XjfFcTguyrXWbGxsMDs7y7Vr1xpqG++Gn0W50+jI\nseS4fU4/Nviph8PDQzY3N7l58yYfffRR2yqBTVfKf/Cx22BYay7dN80A1iuXBZhKYa8fe30uS+HV\nK+ycjb39pZhWsTECY5cwA8PFTpn7a5DY/vL/B0fRbqJ8aKx2ZT3jbmMyxm/DK/fUFdSx/Z5Kknv6\nFB2OEByLYsSHIL1f+T6hGHpt1n0ORgDWvnwvvbmI/vu/xMCf/BkufOOvoG7dQmtNKpXi6dOnbG1t\nMTs7W9Vwpt4FfecBb8WvBgpAGqX2QRVABwATlInWYdAxIAL0jm/btm1isRgTExOltuuWZZViGefn\n5zk8PCQYDFb50zsxN7/uN/DWvlK+XkBoHRHlHcIR4q18cb2uYnTqglluL0mlUkxPTxOJRHj06BGh\nUI3H+A3Qic/hVJzr/X0eHh4yPT1NIBA41ZLT7djCRslms0xPT5NKpbh27Ro3b95s6/jNiHJrcw1r\nvVoAm1duYK9W+8DNKzewV6q91sbEDexXC9VzGh6pEOQA+jBNfnGR/NoGvBbTavAKwbFLBCIGWqmi\nYD5WqVcXJtAuVW8dDMN69XsDEHPvoKdR6A333HRjaJz8F9+HUJjgnUcYuy8h/TqecewuLLikxQDG\nxD3spWNpLdrG+oNvY819TvA/+i8xb75JNBolFApx7949wH1BXzcEkx9p7VyugXWUuY5h7KHUEUrl\nQVmgi8eYYeiK5Qtaa7StAAOliiOUvlNaoXUY2+7HYJhg0F+L/R3czremaTI0NFQRrZrL5Ur+9Fev\nXpWe4pQfd+1eRO/3SrlXCzLFvtJ+RJR3kFZSJBwx5ecvfr2Ypkkul2N5eZm9vT0mJyfryqv2E87v\n4zRRbts2CwsLrK+vc//+/ZJn8rSx/dJ18yS01qysrLC0tMQbb7xBLpfzJL2nmTnnP3e3rhh9/bjd\nkhixmPv2vgHX7ebIOIW97ertEzewykS/Pjggd3BALhAEpVCBiwSvXiEQNSG5ATsrUMi5z3X8tmvG\nOoBOuKfHGOM3XW8iAOgfhvVFyGXJTz0tivO7jzC2nhfFXA20ecKNshEm87f/M4I/9hfgz/yFCqHp\ntqCvXDCtrKyQz+eJxWIlsdTf338mznGn0Zgot0DNo4wVlEpgmHmUMlDKBuyiyNYa0wijDOe7otDa\nBq2w7Ryo4utQBkqZmEYQp0pebFaXRNk7GOYC77xnYhqraB3CtgfR9jjom3RbLtRbBAmFQoyMjDAy\nMgJU+tN3dnaYn5/HsqyKWMa+vr6WCmZSKRfahYjyHsGJK+z1C5bTYOLzzz/n5s2b3Lt3rycfaddT\ncXZyucfHx3ny5EndJ22vPeXtIJlM8uzZMwYHB0sLOV+9euXJzUQzoryWn9xO7rtvP3AXuXbavQEP\nNWxeKu5eNTIu38BeeonOQ27mJY4MV8PXCek+zOtvw+YclHfarOH/1n0XoFYX0Xjtm9sqIZ/Lkn/2\nFOL9BEbjqFAUckeVP2MEoIatBUAfHYFtkf/df4j64XcIPv6Zmq8Fd8F0eHhY6gr58mXxaYUffMJe\ncrqIy6KM76HMFVBHKEwMFcQwAyj15U27tgyUaWKUXRacfWXbOZQKEAhWH0fatrHtPLZtoVGYZhDT\nLHYMNk2Ntm20PsIMpIFX2Pan2FYc2x4F+22g80KsWeHr5k+3bbuUn766ukoqlUIpVboxbPS4c1sj\n5Se8WlgslfL249+j6AzSyoXFL8koreCkjWSzWe7du8f4+Hjb36NTnCScs9ksz58/p1Ao8O677xKL\nxdo2drcpX6T68OFDBga+tFG0swpfTqPj2pkj8tM/qB6nrx/bxU+u+oewN10STiIx7DW3Rj8K67jP\n3HnvVMJ1uxGtUYmPD8aHdjYAACAASURBVJF9+joJxjQJXn+LYH8Y9lfQu+4+c2P0Ws2bi1oVdAZG\natpa1IUr5L74HNU3QOjGA1j5HKziEw9X64rzXv0j2K++FOx65QU31v978sEMwT/xU+7zOP7eShGP\nx4nH40xMTADuPuFQKFRhP2iHza2buJ9jD9Hq+xjmGoZZtD9pW6GwMZSJUhZaG4ABaLR9RCA0UDGm\ntm1sbaOtAgoLTQ5LGRhmBGV8mU9vW4coI0gwFHv97xy2BZAvvtZ0qugGtpUHO4dh2CjjEPQStm2g\n9QTY7wGdicRrZzXaMAz6+/vp7+/nypUrQNHikUwmSSaTDfvTLcvy9THp1U1tKpUSUd5mRJT3CJ1q\n7OOFTaZQKPDy5Uv29/d58OABm5ubHXnU56UH3zTNKuGstWZ5eZnl5WXeeOONUle7RvGrKN/a2mJm\nZoYrV664LlL1at6N2nlyzz5zTRIxx69hzVb7ps3xK1ize9XbJ65jzVcLUuPydWy3RaGRGPa6u/C1\n993FsoqVVRwtm/z8AnlAXRjFDAcJ3roKiVew86pssBr7uP9CbeE9ehV9sOP+c4Gi0NCpBNmnCYyR\nKwQv98PyD0+0rqiRG7BbefNjFHLkvv23sGa+T/hn/hoq7u59Pwk3n7DTvv3g4IDl5WXy+XxF+/b+\n/n5f2weO45ybtLZA/QBlvgAOMZUGFYTXx7upDMxgZYKRbeUwDDCDlftWKYVdOEIZQcxQdXXctjLY\nhSMgghmMoIwvL/+GGXpdbQ9hFQpo28LWFkpplGFimDFsOw92BmUGMQMmtrWMZc+jdRhtvYXiYZv3\n0rH5e2wRCQQCDA8PV6R+ldutVldXyeVyRKPRiuMuEAicGWtpo6RSqdLNtNAeRJT3CJ0S5U5Fvh0n\nGK016+vrzM3Ncf36de7fv49Sip2dHc9Fp1Nd9UqUH0+qOTg4YGpqigsXLrScy+03UZ7JZJieLorT\n999/n0ikRst5jyrl0FhDk+xnf+z+H6rWGO7bVY3Ol0b/oLvP/PJ1rDmXqnLfoHslHrBTB67bzYvj\nFGa+oLBWFOOBibsER4bQ+6vodbfqPaiRa+iD6psLAHIZ180aA32s6m9vb5Ld3sS4+RbBXNZ9PMCu\n9V6Avb9N+r/5JpFv/g0Cb7xb83X1Eg6HGR0dZXR0tDjvsvbta2trvHjxomQ/cP5Eo1Ef215SjI1/\nD2X+G5TKoFQAo8yupK08phnHMINouwB2Hq0ttA3KjKC1wi5ki8e0CmIYJlYugRGIVlTEy9G2xgzE\nUWao6CPPp9F2FiMQQ5nF97ZtCyt3iBkMYppB7HwCrQ1UIIZhBMEIorWNbVkoA4JmENvOYqs/RvMp\nduEeiscUq/ntpRu+bTe71dHREYlEgq2tLebm5rBtu9SVOxQKtexP9wKvzstSKW8/Iso7SC/YVxzx\n3+qjuGQyyfT0NLFYrCpVxTAMz28wnP3l1cnREc75fJ4XL16QTqd566232rLopVPNok6jvPJ/7969\nkiCqhZf2lUZuUrJufnKlsNdc4gjdIg9fY9doU6/TKfd5BtzFkDl+FeulS7JJrM/VTgOgj1X6C2tr\nFNbWMK7cwogOEZiIYa1OY5Z7wC3375QORdA14hONiZtYKwvuP2cHOHqxSOj+Bxj7c5AqE+HDl2tW\n5aFYddf7Wxz9j79C6Bv/KaE/+3PFjqptorx9uxOP59gPEokEs7OzHB0dEQ6HyWaz7OzsMDAwUGrQ\n1